          0         1         2         3         4         5     ...      1150      1151      1152      1153      1154      1155
0     1.000000  0.975630  0.996061  0.999966  0.977200  0.999975  ...  0.973235  0.995814  0.995782  0.967519  0.992630  0.999409
1     0.975630  1.000000  0.952332  0.977400  0.999974  0.977145  ...  0.999943  0.991602  0.951381  0.999410  0.941848  0.982596
2     0.996061  0.952332  1.000000  0.995299  0.954526  0.995415  ...  0.949025  0.983788  0.999995  0.941293  0.999465  0.992425
3     0.999966  0.977400  0.995299  1.000000  0.978912  0.999999  ...  0.975090  0.996531  0.994994  0.969563  0.991600  0.999658
4     0.977200  0.999974  0.954526  0.978912  1.000000  0.978666  ...  0.999839  0.992516  0.953597  0.999134  0.944268  0.983921
...        ...       ...       ...       ...       ...       ...  ...       ...       ...       ...       ...       ...       ...
1151  0.995814  0.991602  0.983788  0.996531  0.992516  0.996431  ...  0.990166  1.000000  0.983227  0.986575  0.977398  0.998367
1152  0.995782  0.951381  0.999995  0.994994  0.953597  0.995113  ...  0.948043  0.983227  1.000000  0.940242  0.999562  0.992039
1153  0.967519  0.999410  0.941293  0.969563  0.999134  0.969269  ...  0.999719  0.986575  0.940242  1.000000  0.929752  0.975637
1154  0.992630  0.941848  0.999465  0.991600  0.944268  0.991755  ...  0.938212  0.977398  0.999562  0.929752  1.000000  0.987877
1155  0.999409  0.982596  0.992425  0.999658  0.983921  0.999626  ...  0.980559  0.998367  0.992039  0.975637  0.987877  1.000000

[1156 rows x 1156 columns]